A = [  2   4   5   6   8   9  10  11  12  13  14  15  16  17  18  19  20  23                    # T0 = 4.1 s
  24  25  26  27  28  31  33  36  38  39  40  41  42  44  45  47  48  49
  51  52  53  54  55  56  58  59  62  63  67  68  69  70  75  77  78
  80  81  82  84  85  87  90  91  93  94  97  98  99 102 105 108 109]

B = [  1   3   7  21  22  29  30  32  35  46  57  61  65  66  71                    	        # T0 = 4.2 s
       79  83  86  95  96 101 103 106 107]

C = [29 30]											# Duration 2:04 min (620 samples FFT)

D = [34 37 64 72 73 74 76]									# Duration 2:03 min (615 samples FFT)


